6,1,161.14041137695312,218.8289794921875,141.20819091796875,110.18389892578125,0,0,0
6,2,379.52545166015625,389.53614807128906,185.89813232421875,89.88949584960938,0,0,0
6,4,531.1378173828125,423.36524963378906,117.4322509765625,57.20892333984375,0,0,0
12,1,157.42778723229404,228.1341412126525,118.96890431535446,92.49555313488669,0,0,0
12,4,484.4879019051666,414.56447443686244,130.17046139296943,63.21651540708936,0,0,0
18,1,125.68999863397931,215.98306156662153,158.69039745180336,123.53476884924005,0,0,0
18,4,460.4308546649263,415.31686740111434,142.53590819136102,68.86176448325449,0,0,0
18,7,133.88960876092642,315.25610961914066,174.42273255138934,148.95159301757815,0,0,0
18,8,222.88945581211414,347.2330215454102,147.93956982108415,100.72554473876953,0,0,0
18,9,334.3032417470989,358.90458984375,132.74638515814596,86.13609008789062,0,0,0
24,1,121.71945732612147,216.96653689664265,161.71644766541104,125.69015899804359,0,0,0
24,4,448.87301797238825,422.75377875756476,123.63152809408474,58.73650533768551,0,0,0
24,7,145.32859389047428,345.7399038651015,152.93660900289555,129.8908763771187,0,0,0
24,8,226.12215836513315,366.4403772237708,135.45684336666264,91.57454350007137,0,0,0
24,9,334.6355889834766,361.22561494514036,131.5175327392019,85.18252219595561,0,0,0
30,1,128.54367695639039,220.02156754842733,158.793000752196,123.40522254050563,0,0,0
30,4,448.5819829626493,416.9825569655609,142.56919678860467,67.333257125807,0,0,0
30,7,140.67912501969786,355.6981048135837,116.63902392751356,98.27019766076205,0,0,0
30,8,205.62706582179538,352.03796041968087,143.431729461751,96.2560890786301,0,0,0
30,9,336.5167414545646,363.86039240848277,129.86543567700198,83.94090020491188,0,0,0
36,1,145.35033044424137,227.40456864485603,142.4369395835239,109.3399555739168,0,0,0
36,4,448.2309631677141,414.14306054777643,148.5554393954427,69.86507846276277,0,0,0
36,7,137.9561381060525,357.9645173379141,111.35440573749939,92.91587431191415,0,0,0
36,8,213.9780600358493,356.9216668526734,155.82457296690959,103.8652679271659,0,0,0
36,9,332.58669122701724,365.4184868648105,134.59165951384327,86.30860684659923,0,0,0
36,12,206.43687373375556,256.6658523559571,143.62333505202008,137.59817962646486,0,0,0
42,1,145.28388404905698,227.45625727149258,142.1758378580251,108.38841310462831,0,0,0
42,7,134.67426991938788,360.4998992082709,110.63659987401076,91.44475629580117,0,0,0
42,8,218.47499534445683,363.65661570639526,148.21217025382302,97.3652286061228,0,0,0
42,9,339.2682063310531,370.3798556125939,123.15121376602698,78.27971899446953,0,0,0
42,12,204.70382794837874,257.3018962999479,144.1004254104045,137.66226450631078,0,0,0
48,1,136.52910435242939,222.92940431867865,154.669029424081,118.16921012624344,0,0,0
48,7,135.69291149473008,360.58634650331965,106.64624921830347,86.99717430177799,0,0,0
48,8,222.36017238083775,367.62993497675825,140.84089488347692,90.67528339098254,0,0,0
48,9,341.96037962075275,371.67374101448144,118.45445736285382,74.48769807960372,0,0,0
48,12,196.45095153862565,253.02737939525824,151.60264329487663,144.9830096563443,0,0,0
54,1,119.81945956363509,210.8837808100686,179.44114719329582,138.2457747736174,0,0,0
54,8,212.9485464892408,360.4628504077373,134.12299515893025,84.3718380624451,0,0,0
54,9,331.2617145054705,363.0683000171373,137.88597634087526,86.58526677168265,0,0,0
54,12,187.1081113375983,230.4932494243983,162.4871167211595,155.44872673468254,0,0,0
60,1,107.23162221390768,227.82380032112195,163.39849648935487,125.60821999414561,0,0,0
60,8,172.7465208174629,364.24261773564353,156.37626525245295,97.81855229035999,0,0,0
60,9,331.475876455312,356.64167675775343,141.549992378938,88.71345974240973,0,0,0
60,12,226.81705579565488,223.48585579998436,135.16734843851646,127.87580697695647,0,0,0
66,1,102.04305913523643,243.51151610130202,156.62987781467558,120.34318091810695,0,0,0
66,8,176.44230095528388,366.39973290107963,162.95482925194588,101.40971929817506,0,0,0
66,9,326.45844160231553,354.23854388678177,147.23513885620298,91.86174807349718,0,0,0
66,12,257.72728343880704,223.73607086862103,117.74872787120925,108.82096712212135,0,0,0
72,1,132.44793634410854,252.6315434507163,140.81453857073043,108.96679884861946,0,0,0
72,8,186.9882557493956,370.7998933942154,168.46875806357934,105.87017868657452,0,0,0
72,9,265.7595047673315,328.39212330111866,215.38622583948768,137.70642854819823,0,0,0
72,12,276.1490765928483,231.42374255602041,105.98320208678375,95.18803452644299,0,0,0
72,7,121.1420337396784,331.61047208387345,147.33672738561944,121.67771741770126,0,0,0
78,1,126.65354750451968,257.1540572301834,135.88780236007233,105.23687730505614,0,0,0
78,8,174.198260705059,314.7273591275321,228.60701070411974,148.00094819291036,0,0,0
78,9,249.23216842873592,343.5433448242929,201.80070708582838,130.16403896168316,0,0,0
78,12,255.45251712935874,216.41916780170254,109.54849770438705,95.2188684131155,0,0,0
78,16,226.6218598332239,101.8883285522461,171.44253521636466,109.18492126464844,0,0,0
78,18,263.5825671173038,261.93348541259763,151.12542973023614,126.49721832275391,0,0,0
78,19,357.8912709207948,371.4109954833985,190.53299770919176,97.05787353515625,0,0,0
78,7,109.13994320089554,311.8457011098614,156.1134974688975,130.55463857901196,0,0,0
84,1,116.09863438423298,240.56816561227822,171.57770297604276,135.7640109819088,0,0,0
84,9,224.15702245640972,357.05211129113223,179.90691711124452,115.72357583273572,0,0,0
84,12,278.3854177319599,226.47212051679165,112.05520780826976,94.44222159298413,0,0,0
84,18,223.13862423916152,270.98005200445016,173.386827301643,145.54019812086224,0,0,0
84,19,326.28853864041207,358.23624972427274,201.44226518152547,103.12100380598508,0,0,0
90,1,110.46433000021227,243.32400220818312,180.7618103134428,143.98869103892412,0,0,0
90,9,212.6180715757328,354.6251882816055,185.20737402702892,119.00506049458906,0,0,0
90,18,197.37152415400203,290.5545675209179,173.76475273403548,145.07201236978295,0,0,0
90,19,338.69553219525125,364.73240286701383,191.15466817126858,98.47217156451926,0,0,0
96,1,93.2882652926018,259.2537011711791,155.72073670142765,121.19907420982153,0,0,0
96,9,214.1988541748738,375.4640695334835,161.8533449439604,101.66514133857426,0,0,0
96,8,170.4220269611308,317.7727106212741,217.99321323975215,142.38120541567747,0,0,0
102,1,113.97359793313868,251.43196696890524,152.8825634313863,118.5674859294857,0,0,0
102,9,193.25608608883456,365.98533339984266,175.42859630382173,110.16045774232583,0,0,0
102,8,208.42478740143488,304.1236516683176,210.79511655875325,141.1942054776875,0,0,0
102,16,200.62146386490213,86.32582100404346,144.1093367205397,91.32290767304674,0,0,0
102,12,268.4173881381347,240.04030111575122,137.59854455696885,114.91252725301688,0,0,0
108,9,191.99096997252855,368.73505736867287,170.86367487791006,104.81264407836123,0,0,0
108,8,198.00813660146508,276.1275611460545,219.52115457905293,151.41498877654473,0,0,0
108,12,228.71798398085832,227.74869754626872,145.40207944270017,120.46732845880192,0,0,0
108,18,147.3482892495106,340.62838132828966,140.59928908213152,116.23654505976276,0,0,0
108,19,333.31683968025663,367.07021066142636,187.50130178228807,97.7984845933749,0,0,0
114,9,187.34464563896265,368.29733671903,175.54672237247252,106.97284821069377,0,0,0
114,8,208.10735570922432,270.8717868901047,208.3158871971255,146.91676173460309,0,0,0
114,12,218.19106254199792,222.66703967150065,139.0975214598206,113.60332706501703,0,0,0
114,18,145.54651765118643,342.2614573862427,142.07798725218353,116.40277351351988,0,0,0
114,19,317.6508467756064,361.2072382920134,190.05403294961556,100.15994471641807,0,0,0
114,1,150.84681921613384,245.73972488397987,129.85468964577123,99.34858946380555,0,0,0
120,9,186.4144053130539,381.0566296814885,169.03750250520903,100.32530107900129,0,0,0
120,8,218.49434923621635,290.61649970300465,189.6374316757936,134.8134966680309,0,0,0
120,18,137.9192686433314,356.0648942140542,143.2476221424317,116.30229395406158,0,0,0
120,19,302.99717278774006,357.0668773539817,203.85392305377223,109.18654183870092,0,0,0
120,1,133.83688034781932,239.5164882025324,148.19946062147838,115.36165546023545,0,0,0
126,9,205.23734701642624,387.3498338507019,166.09157328970701,97.73249267766869,0,0,0
126,8,245.11220691963365,323.1089743073674,169.08439544311366,119.42462442535273,0,0,0
126,19,311.065226057788,362.1685985558047,188.80707012002273,102.94343692691804,0,0,0
126,1,131.9347230105962,237.9994396285989,151.81205463195445,120.90956137857671,0,0,0
126,12,242.26782746810187,226.7512325278063,161.5456687844345,134.3427034165709,0,0,0
132,5,417.0106615656465,359.37214966835603,162.52506103783412,76.72631842794155,0,0,0
132,9,214.78509188721432,388.0804780584201,162.69220764627426,94.94763838750974,0,0,0
132,8,254.91242192807272,334.1459478979884,162.63137551763424,114.82123118810607,0,0,0
132,19,313.8635752135733,361.9615142258936,184.07586407767786,102.09242708591394,0,0,0
132,1,139.1573933133368,239.4102321051222,139.7765214481053,112.7654840136228,0,0,0
132,24,275.46080679894453,138.96516036987305,116.32944841382977,82.3623435974121,0,0,0
132,3,113.99423896031803,345.66390728880043,246.2838657745251,117.27760512135141,0,0,0
132,12,251.72084737253283,217.25932745227132,159.18909844277667,132.99728396848982,0,0,0
138,5,405.76739888924726,348.4773735951278,178.05333039898989,84.50765570491244,0,0,0
138,9,216.80830822976574,388.94071231412204,157.76580288982694,91.06733243023578,0,0,0
138,8,225.63310359269946,290.89007276609476,194.2768571109405,140.31697222376556,0,0,0
138,19,309.47361572277265,359.0747919840094,182.2409413302248,102.01518678386469,0,0,0
138,1,139.04581298265774,233.72860437546552,141.08872864512762,114.2713098498544,0,0,0
138,24,265.6052150172375,144.7500622835485,110.76502546715686,77.92503493607836,0,0,0
138,3,106.65925183376527,342.94610209831785,244.65294484439943,121.87200232170272,0,0,0
138,12,274.43452163498034,225.03145247435734,136.152338348786,111.01187039698542,0,0,0
144,5,393.5170221100169,350.7796765591947,183.8644373251388,87.87928984222259,0,0,0
144,9,200.94982808143953,378.06507277291087,158.85269073657983,89.82996532474937,0,0,0
144,8,245.27557560721152,297.8680515420241,176.20044827936465,127.74027292191393,0,0,0
144,19,311.63828911904767,359.3392901672915,179.09240573072634,101.25859418440336,0,0,0
144,1,141.07374157449271,234.05472536698807,136.55490895615415,108.73345910359937,0,0,0
144,12,263.23474311114774,232.00827273540432,155.5009522465353,127.72561026526364,0,0,0
150,5,406.0979024519928,362.45988548941114,172.6706251990531,83.29226767459757,0,0,0
150,9,204.95321085804318,368.3077704211187,175.37789182455865,99.20384881852009,0,0,0
150,8,250.8630133588822,284.0018750760258,186.63215273450658,137.26329559640888,0,0,0
150,19,327.49922250716907,367.88285100859684,157.5192728828411,91.33075291953797,0,0,0
150,1,153.2128852214202,233.7947130542169,128.68526818046175,100.26387639207641,0,0,0
150,12,280.3137526015798,227.5770146197339,150.43408388705166,121.2922260617531,0,0,0
156,5,396.6740851485642,351.44226146282807,183.8576594574678,89.72033997040421,0,0,0
156,9,189.76555427945218,367.5808961621964,177.53876551370212,99.90945658310935,0,0,0
156,8,234.94453908778297,258.67185307572936,205.0725595983737,154.9464088237734,0,0,0
156,19,323.18239753817636,361.6515768515502,163.64979665862523,95.69241444907624,0,0,0
156,1,146.16827330797244,229.40881936462208,140.63947993865446,108.82417044322698,0,0,0
156,24,263.4555486460342,124.42658937058339,105.43330803916038,73.36039626166655,0,0,0
156,3,129.33251765457396,387.17022297758615,184.186598944534,90.27306822681767,0,0,0
162,5,408.7511234215616,347.6507022851356,169.15870299036868,81.34364240816926,0,0,0
162,9,181.13619735598473,345.3073210122537,187.3341734647383,106.24322009350425,0,0,0
162,8,231.06987337508212,246.0924359207648,180.5633701374276,137.20442150941395,0,0,0
162,19,313.11288927420475,357.3053274685145,175.4381229740536,102.97437316257601,0,0,0
162,1,133.25563921458775,231.73106241727908,160.19781089470433,125.59925187201304,0,0,0
162,24,233.34729779584825,104.58845105863912,105.76479319166006,72.24926882040882,0,0,0
162,3,107.96262538499616,371.8883511852954,198.54320505695546,98.70600762057349,0,0,0
168,5,397.7730115820656,353.0465440274163,167.33780902501647,79.44466419453464,0,0,0
168,9,201.30463610240446,359.5807025006747,169.86197804305027,93.96784103580063,0,0,0
168,8,244.20492238649032,263.0245294206607,183.5676586712138,140.41506107352677,0,0,0
168,19,290.7120197577275,347.97118090443087,173.23369776168488,101.16954979107798,0,0,0
168,1,148.41779392209594,232.33458990533643,142.9614567095207,110.67288452460183,0,0,0
168,24,266.27027120868865,95.25435007171542,107.15170881640498,71.19565625621095,0,0,0
168,3,128.8091474302184,380.83728041926526,198.35453521537747,98.78939871038637,0,0,0
168,12,275.57421001018344,222.24833200873223,143.46611309168952,113.97752330951026,0,0,0
174,5,387.2687290010548,364.20346174456773,174.70007134847526,83.68227624550399,0,0,0
174,9,237.24679830412117,383.5403324760271,163.0384670893068,87.96401569354138,0,0,0
174,8,315.60572598152436,270.29532090022127,159.34051590043111,122.28923833873802,0,0,0
174,19,298.1613187417191,335.57097092011804,178.13551252770043,105.38837648128452,0,0,0
174,1,174.41837180736832,233.48195229057097,126.14130787918765,91.38071902899057,0,0,0
174,3,149.10976806106925,381.46060527599974,183.4030018402526,92.7918522887372,0,0,0
174,12,297.3065916220893,241.59039127453184,135.13204252860723,101.74679719309303,0,0,0
180,5,374.4154355647626,365.076663926718,192.4835589662643,94.6562272753638,0,0,0
180,9,267.10273208651904,391.7731160365104,162.62839987209298,85.74635809913217,0,0,0
180,8,330.60287579745386,271.088273895479,149.93843190022804,114.2993758679637,0,0,0
180,19,290.5591516564998,336.1765124460098,172.6426331030222,101.74828398311955,0,0,0
180,1,171.90318134416708,236.94160381006853,129.1051418343994,91.60367372890025,0,0,0
180,3,150.05603754430817,378.37537393476464,176.77910532231067,90.13901336930695,0,0,0
180,26,343.12795883750164,396.85248041455213,182.75872694953455,85.68503764195982,0,0,0
180,12,311.58409284509554,236.8804581575586,120.18315352191965,85.5212689818177,0,0,0
186,5,368.2733530702591,363.6644994882811,199.8448856645303,100.56260369040409,0,0,0
186,9,260.81564883738463,384.32458800924434,165.93016468046534,85.31163109471308,0,0,0
186,8,328.5111677727897,258.8159761103626,153.56148081219573,115.58643371819656,0,0,0
186,19,279.8184946640042,315.0069071542187,195.260086376181,117.5490315205677,0,0,0
186,1,169.02587435536282,237.6845592955961,133.37720118696603,93.64104046190471,0,0,0
186,3,150.21350692167124,374.4602365307885,177.2798554405228,91.63759556434165,0,0,0
186,29,99.7024365288527,287.5012893676758,70.45853026260708,50.66000061035157,0,0,0
192,5,374.8917091013888,369.6322499642936,185.5118111191786,94.01314832719244,0,0,0
192,9,254.10235134748683,393.3027776046768,159.55587378406372,79.9347471420419,0,0,0
192,8,322.99649750133267,252.2204309662374,156.1101631008413,115.95756014650841,0,0,0
192,19,275.67006101375466,307.1129169725679,201.64859848299213,123.92977379577869,0,0,0
192,1,167.31337523421925,240.68151690954255,131.97095979825042,91.23006138525324,0,0,0
192,26,332.1232505341478,397.2371304212201,182.97125142184836,85.86086778952514,0,0,0
192,29,101.76462233648552,289.0455093635642,68.37294622269545,49.105602066342804,0,0,0
198,5,370.3869181353761,367.3440075155516,195.03336301144464,100.9960127916745,0,0,0
198,9,251.56487712908077,397.2410172662859,157.86702569952962,77.16055828838849,0,0,0
198,8,323.61358524657123,252.9481685684912,150.0723164935661,109.91342386620116,0,0,0
198,19,272.46807271712373,303.369418114473,206.73524270647357,130.15363817010473,0,0,0
198,1,165.25208208541522,240.14095322472113,137.72576802589714,94.50761303874226,0,0,0
198,26,317.844453505482,400.99711412472755,179.85114262588993,84.5156103195262,0,0,0
198,29,102.57116239659388,288.51636123093596,69.62248601027746,49.99791393130331,0,0,0
204,5,376.9358897752754,368.28320010503325,180.59044597691783,93.6644935405362,0,0,0
204,9,247.93248220508377,398.5063277274548,160.0478910374261,76.77047254691256,0,0,0
204,8,318.51141155708865,249.74610576658455,157.82480663723715,115.07423121773834,0,0,0
204,19,275.9018876446356,302.7372257790658,200.6698736705818,128.3250557608653,0,0,0
204,1,164.9488756960352,241.12130484852116,136.00313257401348,92.32548874284272,0,0,0
204,26,333.0205898023576,397.8419309598068,182.13511996942407,86.4289116134995,0,0,0
204,29,101.4468872752657,288.67121167134786,69.2113429627162,49.677617464595116,0,0,0
210,5,381.9864717070905,363.63998923896804,195.73081703976126,103.88156776381871,0,0,0
210,9,229.27356237269726,399.1513784982087,172.47044779736572,81.52430492977348,0,0,0
210,8,310.6437158327167,244.85365216147284,166.66582671721267,121.68378429223294,0,0,0
210,19,275.8953158987786,300.15838175104886,199.26994703944317,129.92963940850026,0,0,0
210,1,164.2721193615786,242.02744831242595,132.52859309324214,89.0672885969686,0,0,0
210,29,101.44817248737658,288.87142972177907,70.2108106173717,50.34549622922895,0,0,0
210,12,288.8246463535305,203.7093097057193,152.744045759769,107.5331706536239,0,0,0
216,5,368.632276616841,360.3558812623202,211.33784453905676,115.13362155627789,0,0,0
216,9,232.37038884627418,394.9919206543024,182.80866390984446,86.33856923649624,0,0,0
216,8,308.68886558658164,256.04889689877876,173.50323338001238,127.40966241967888,0,0,0
216,19,226.20160721948304,271.0749550510162,240.92308666149182,163.67758279252797,0,0,0
216,1,161.46938695325548,237.33899154407553,145.68738500157298,98.14586448178758,0,0,0
216,29,100.74128530698837,288.8716100399077,69.02035883945587,49.639863514009555,0,0,0
216,12,294.5959432180087,223.1860140534437,136.79095133377413,92.51299394385644,0,0,0
222,5,384.4233035925357,365.82874222476516,200.50601489139424,110.16924141821883,0,0,0
222,9,235.1539758416195,394.5648484034713,183.00543449804988,86.06839373334851,0,0,0
222,8,312.6927480362426,264.048657631562,171.94859202637548,126.05270453557654,0,0,0
222,19,194.1294887117199,257.5452783863673,253.0517190529505,180.19919694195215,0,0,0
222,1,160.49812202404271,236.87352783306076,148.62977351643656,100.35161779209699,0,0,0
222,29,100.6727414674296,288.974252773438,68.31014956892112,49.11353162727689,0,0,0
222,12,296.3957627049169,231.5775899315418,128.3964769313969,83.58420042619963,0,0,0
228,5,376.37767321488593,366.96891787047883,199.45871863290984,111.13854667217225,0,0,0
228,8,313.93295199363126,267.6714132930241,171.06261223705144,124.55932305607176,0,0,0
228,19,204.10301479229224,257.04754268973306,243.19905558843317,178.82856377706307,0,0,0
228,1,160.64950667296586,236.87458317474218,150.15807225090353,101.3990253404392,0,0,0
228,29,101.24465437488381,289.82260502731566,67.3418702835722,48.35501206532746,0,0,0
228,12,295.35170344235536,233.7849675287847,129.73540946768364,82.11186153347764,0,0,0
234,5,376.03270124586754,369.26095926682484,193.5159751314509,108.61365938314002,0,0,0
234,8,311.13110309532885,267.2670592053295,175.99473999335234,128.28188273330565,0,0,0
234,19,213.7160153286436,259.1664566548745,229.49851300740843,173.71173287068092,0,0,0
234,1,159.92109881782704,235.82164568650646,153.47846910042284,103.58315398087757,0,0,0
234,29,100.9059648019261,289.69407862574246,67.89682618444073,48.70472988483124,0,0,0
234,12,289.66141899786044,231.98771927016296,139.7774518147145,87.49389493502508,0,0,0
240,5,390.8962903343622,371.9254108569325,187.84363186014403,105.77249685854237,0,0,0
240,8,310.8580683125084,268.64868017423623,173.69348998589095,126.38301452692066,0,0,0
240,19,195.58803451996823,253.78027242925089,236.06052722207232,185.67006785050128,0,0,0
240,1,158.96800946578497,235.672892873785,153.3350333373556,103.5801228929418,0,0,0
240,29,101.78607766291432,289.62419921925016,68.18944247366407,48.97518484716734,0,0,0
240,12,291.8787386635418,233.9408653894847,134.80480757982698,82.70078784010694,0,0,0
246,5,399.5986503027169,372.4655535431919,181.04578474016301,101.78601278047292,0,0,0
246,8,295.6477204853212,292.29720085973366,173.34817830711148,127.99725667752183,0,0,0
246,19,188.70101878778178,249.56743238197117,237.81039749011194,194.31011234748973,0,0,0
246,1,158.3242271083656,234.68997893827975,155.79748252639234,105.53060421040766,0,0,0
246,29,101.59496039510985,289.0353150668604,69.3094066030458,49.83683966578019,0,0,0
246,30,311.63738867439866,138.33496803649922,161.42083274860772,75.76579841125714,0,0,0
246,12,289.2784480006815,232.8585189779594,141.09072660912253,85.54716810093987,0,0,0
252,5,402.52433997924186,372.398649801219,179.27101831156918,100.81412710390472,0,0,0
252,8,294.6857010905324,302.2351412975668,167.35927009994532,124.44929797764301,0,0,0
252,19,191.2473585838613,248.85979002694486,230.41724022045497,194.89127707500302,0,0,0
252,1,157.39563623655818,234.3162279086463,156.43051643047917,106.1645757158185,0,0,0
252,29,100.69225169686332,288.5019211553868,69.62407137591313,50.13255023641314,0,0,0
252,30,312.51538599556966,138.60477998581675,162.3862241346774,76.76912573447672,0,0,0
252,12,288.3121392689576,231.76826793457315,143.15515018984576,85.972242804151,0,0,0
258,5,381.939354399127,368.71477098483894,190.2260571473915,108.51551628956649,0,0,0
258,8,293.8569097423348,306.44103186147,164.72663704656378,123.41791003390293,0,0,0
258,19,193.67383698671932,249.25156227637206,223.0469226494927,195.37537634885695,0,0,0
258,1,159.8958022580694,236.57451953405922,150.5476279686163,101.64412651944467,0,0,0
258,29,99.90853876267312,287.8533801533874,70.1045118757055,50.47646585603151,0,0,0
258,30,313.5685047868617,140.01332135234088,162.35382848331938,77.35256253224728,0,0,0
258,12,289.79646752863334,234.18936886550236,140.594050294394,83.06982887193624,0,0,0
264,5,369.6457543387737,364.00780029713167,200.64232157637076,116.31879668619263,0,0,0
264,8,306.0799851607545,283.20486552579655,164.92542685659396,123.42406083404484,0,0,0
264,19,195.30414743368482,247.86630833945497,218.62333082153845,197.68559781332968,0,0,0
264,1,158.32389002530863,236.02417442859172,152.43661733754777,103.08278617049797,0,0,0
264,29,101.3233357155809,288.8863893631256,68.70612526604687,49.480634756440324,0,0,0
264,30,315.67698796136654,141.83864318608758,160.78247424639488,76.97935665402925,0,0,0
264,12,290.1492447581986,235.7662204207817,137.36596124908584,79.8382271772905,0,0,0
270,5,372.32762196267197,364.7040034676216,195.48801402264212,114.45750007310956,0,0,0
270,8,285.3657272882602,278.76652159877295,187.6249281140598,143.51186832744867,0,0,0
270,19,198.10308844884025,245.54654384172295,216.77617447898982,201.73565163245246,0,0,0
270,1,158.45631043895403,235.56982607500694,150.47081023102413,102.54543994264499,0,0,0
270,29,100.49752023576323,288.2506097301895,69.57641240558335,50.124525323120984,0,0,0
270,30,280.93643809803615,148.47651107773143,195.66980586283614,96.3805941102617,0,0,0
270,12,276.6059472406069,222.15528128047734,184.92550048693218,109.80770855526596,0,0,0
276,5,337.0553896413959,362.69649884222235,173.4435125208999,100.56044160262618,0,0,0
276,9,224.82444749465935,384.89774658451455,209.22389343229474,98.8774708783695,0,0,0
276,8,285.3454804543244,286.0394135266319,169.10611541340512,128.80523086314625,0,0,0
276,19,211.03372633587472,295.268759664857,177.86761749550197,160.94298510258474,0,0,0
276,1,135.25445362781502,222.89278509973286,181.92234460262654,126.2636242132567,0,0,0
282,5,317.80328846821027,358.2579526500595,173.36687995327495,102.60867998189741,0,0,0
282,8,244.92162404445594,280.34476060742224,173.61177705739954,132.6338480421998,0,0,0
282,19,208.2488441900766,345.0782635628226,135.73720339382265,112.9343195208421,0,0,0
282,1,116.43812804153097,223.9515789096434,198.42795056591592,141.2299647932101,0,0,0
288,5,319.0474533984283,357.9820851966642,168.38944302149622,100.77572377538793,0,0,0
288,8,238.82308276215093,271.2446503167943,185.3481847083862,145.21844956483469,0,0,0
288,19,213.24326275233568,361.0881581737526,128.79039445609982,102.10823776563507,0,0,0
288,1,120.4226381288994,223.53343531662807,185.4560815765746,133.28667778134258,0,0,0
288,12,237.18377832484316,213.58529718179412,218.93071117880297,134.65984293060035,0,0,0
294,5,315.82795324790504,356.7692385488013,166.76267971367872,101.67657268341337,0,0,0
294,8,237.61922470369836,302.33343917001434,160.6797604298706,122.39685616601933,0,0,0
294,19,208.1016168940602,364.8102954549454,127.43765174141873,96.42285622481084,0,0,0
294,1,113.00972949260779,224.00404771409305,193.06884099234048,141.94872788325173,0,0,0
294,12,221.18884580094888,218.08480378868006,231.92232451206058,148.97225060454,0,0,0
300,5,329.856590307202,365.41866452998767,143.44556048541702,85.84284249522337,0,0,0
300,8,207.85199188237505,311.50428270785477,156.92353169865342,117.24961512783551,0,0,0
300,19,184.74708320439083,374.41954251734865,120.21288037916835,85.30442722186615,0,0,0
300,1,92.96955688670424,256.4595135334936,162.29470211978588,118.93321317640189,0,0,0
300,12,217.52921757122562,231.95475091218412,201.84261011216532,131.41731375634532,0,0,0
306,5,342.28376828781757,372.9961939377497,125.57445231417833,72.76380195594693,0,0,0
306,8,172.5107219754209,309.0737516877403,163.99581176892548,121.08931791824914,0,0,0
306,19,172.5747694781209,374.9696279205436,129.30894207570256,88.02614217933962,0,0,0
306,1,70.39053425443569,270.4344056225796,152.4902470607895,112.10100066982196,0,0,0
306,12,223.88207153982086,241.92709450502792,181.10546200813724,119.33988083741909,0,0,0
306,35,90.78831959700862,118.35933380126953,146.69320638703746,77.22994995117188,0,0,0
312,5,338.702428091988,374.9441773095886,126.75778397735874,72.68545312991287,0,0,0
312,8,181.8231101168223,314.26250567143785,163.07993580860148,118.63695606940246,0,0,0
312,19,166.02746527745455,373.783577832399,136.8618769243332,89.95934153145986,0,0,0
312,1,64.04350006843016,270.28570686203153,157.23605892733352,116.49990410810695,0,0,0
312,12,219.0293627303477,239.718320637646,178.92891999458857,119.51377427638121,0,0,0
312,35,103.89210137499099,114.79243805652331,148.6936001706014,78.18848949965728,0,0,0
318,5,335.0301070821645,373.43616639205044,130.44919771207677,74.65131971624537,0,0,0
318,8,139.88938674752183,307.2376947114929,178.22513185236633,131.584150496856,0,0,0
318,19,163.4175946656632,370.18016196596085,154.65329865676705,99.85988156448992,0,0,0
318,12,213.53075045212773,237.3125170895491,183.23922811720647,124.1262544514556,0,0,0
318,35,73.7600565722029,105.2176463300613,182.853419982096,96.34090594620861,0,0,0
324,5,337.2182253517217,375.20211599330594,127.85220826943929,72.5680894714279,0,0,0
324,8,126.40571924421121,310.5056137220357,171.75669059944113,128.14461090784602,0,0,0
324,19,164.3477475806808,371.2477828934039,155.72619297596228,98.27974404627366,0,0,0
324,12,217.63160875456148,243.61243372943562,172.6049379064147,117.7180744175157,0,0,0
324,35,58.58755304234484,139.46409592981794,187.95637182018652,99.90205043416698,0,0,0
330,5,337.2330839449411,375.8123061080435,130.09826341106958,73.39927485339936,0,0,0
330,8,125.17273093284528,311.4432527663099,166.27145353058066,124.60339337738071,0,0,0
330,19,164.5203004312106,371.94277907016203,156.53017258113937,96.75357764273265,0,0,0
330,12,215.3910198380873,242.55792369586703,176.08631287200717,121.33785900685095,0,0,0
330,35,57.263441760806614,155.96505604475468,178.95534265107636,95.80759994769556,0,0,0
330,1,47.68951020545223,305.3136930871482,118.85265499666036,92.6329008888489,0,0,0
336,5,337.537905667918,376.1612288756931,131.45420393690165,73.49370216821204,0,0,0
336,8,127.03850681740607,307.61459324503824,173.2763354253185,131.12390486286967,0,0,0
336,19,159.71102596765303,368.5409202746858,168.5834144573205,103.56804970628794,0,0,0
336,12,212.05419627955132,239.8459656713558,180.8760523243409,125.82313973041445,0,0,0
336,35,68.06136249658803,161.33632605469325,161.35725115872378,86.30589697385656,0,0,0
336,1,62.83684210930659,296.669957119508,119.48333330439135,92.90877178766094,0,0,0
342,5,339.59542032748436,376.9013881755069,129.26922562798293,71.40188843648487,0,0,0
342,8,124.23527580864507,306.1303561710026,175.61078282962143,134.80636689745407,0,0,0
342,19,158.74985155413188,367.7358223245081,171.19356411904977,104.32661877522985,0,0,0
342,12,213.8248424839594,240.52250879345198,178.2839039658546,125.1291269018772,0,0,0
342,35,74.90877852082444,161.9576080568465,152.85404907862537,81.82006832302358,0,0,0
342,1,47.8990232370359,308.3928007727071,124.13457967234766,100.60700080566374,0,0,0
348,5,338.8641906795318,377.1573189291106,130.7499068218982,71.9037261110762,0,0,0
348,8,156.7661429794871,302.4677293864428,175.3247998290874,137.387158524861,0,0,0
348,19,179.7065786307624,371.5355869441758,166.11090934127944,101.1719097386274,0,0,0
348,12,213.68473650509685,240.85344354786923,171.44304805782446,121.61224053384723,0,0,0
348,35,83.33817835066449,161.5199792655281,142.41847604130675,76.71407413050622,0,0,0
348,1,50.32768208020934,296.89776231221964,140.73111701936313,114.5015220396758,0,0,0
354,5,334.9004408522295,372.05605370011824,133.3363862275579,73.30595322999417,0,0,0
354,8,178.99768341755973,309.7527019296746,167.56251338226429,130.07056473699043,0,0,0
354,19,163.68598986393812,364.43944898161595,176.2300735604859,108.24236804798588,0,0,0
354,12,225.1190408890492,244.7983771996255,158.24812129748105,111.70728690583373,0,0,0
354,35,87.669138967001,131.15265826206212,158.01652680421526,85.98991719131607,0,0,0
354,1,52.34273468764691,284.7818098624182,156.14667875768575,128.00470594505887,0,0,0
360,5,335.36983183868756,370.440636150916,137.91771049144143,75.83490077918513,0,0,0
360,19,190.43049872905115,388.3907586878532,149.42208431113812,88.58720931223918,0,0,0
360,12,223.0779105818168,233.96211313183386,162.3722323671634,114.18350931575293,0,0,0
360,35,72.19007104541953,117.60686930588474,158.40369439343186,86.59599005597694,0,0,0
360,1,54.71479122129011,286.8504160112237,149.63960554599794,120.99695770445004,0,0,0
360,9,77.4970521133784,395.94976616562235,184.11218607530208,87.26303516733493,0,0,0
366,5,330.45482457114144,365.2307349263915,150.81226328938365,83.69913078182891,0,0,0
366,19,185.30734344821826,373.87435970602326,169.53319736704816,101.3579647554236,0,0,0
366,12,206.37100398726386,225.43838593570604,163.20856000475888,114.38571262452135,0,0,0
366,35,86.81811626129304,96.789066356498,160.77018927592684,88.48217699974083,0,0,0
366,1,63.61771133801872,269.67706101632143,153.84420456168544,125.29796214933866,0,0,0
366,9,85.44505135303748,402.04260326437475,169.9881482557714,82.94548606414165,0,0,0
366,8,164.65120364264754,308.3066640250495,172.1434052395335,134.44032514048777,0,0,0
372,5,333.82304693411936,362.1595300392573,155.98269535127977,87.9692206379912,0,0,0
372,19,191.0551980291039,386.57639416317147,161.95520835702843,94.29166489338111,0,0,0
372,12,217.64628548650268,226.3353952929112,169.77769929377706,118.71148344858136,0,0,0
372,35,98.05666841339473,102.28552126752936,162.90085237411967,88.34996145434027,0,0,0
372,1,82.8732819927972,267.2749611652065,152.48734732240237,124.25494806345776,0,0,0
372,9,76.8601751383574,377.786276286419,197.72536836364486,99.31528351424578,0,0,0
372,8,157.08551628732343,304.0411851580727,173.99518079769297,136.48460536127507,0,0,0
378,5,286.3960456257734,370.98757859783035,164.67750401479347,93.89272059514464,0,0,0
378,19,190.61268888963684,393.43939403272094,155.0705023232008,87.46733357381862,0,0,0
378,8,138.38365945119983,318.63753510051987,169.84224574692058,133.3867867147472,0,0,0
384,19,183.0763699194796,376.79751491523757,178.32517232076492,101.15937640127707,0,0,0
384,8,139.04381883071045,304.7991034303928,183.94508802116152,146.40480178580725,0,0,0
384,41,88.62754824724797,151.61631774902344,117.46209100550404,83.59796447753907,0,0,0
384,12,227.13954513449465,229.83651829129315,166.66427664883005,117.68106964456543,0,0,0
390,19,179.65350649336,369.3978220514399,183.23740643124052,103.94715871106754,0,0,0
390,33,429.16869231495,335.4733713492467,194.76737463484668,91.5172946594291,0,0,0
390,8,140.68701324934625,307.2789200903474,170.35735744499775,135.51056107901863,0,0,0
390,41,91.1487805017816,156.61687222371222,113.34907640314435,80.40904481563756,0,0,0
390,12,231.56206266714332,230.91071573845,164.00909817317665,116.471084803919,0,0,0
390,1,71.26703423952245,309.67574148339764,122.22423205750306,103.6272062850453,0,0,0
390,5,260.18610134285774,378.20225626509773,160.58440589036417,92.29588631353728,0,0,0
396,19,179.3892960575528,375.7390193773715,188.89527986537036,106.89213377619215,0,0,0
396,8,157.84144509057546,269.6281819497941,185.19008921006355,149.48600477390437,0,0,0
396,41,64.00377792118665,129.29181091101725,157.20866482182018,112.41622293383998,0,0,0
396,12,226.19919444973198,223.39005110714498,172.28311072037047,123.6428486230355,0,0,0
396,5,260.18190933859216,394.834875185916,141.12540594952884,79.30491012275779,0,0,0
396,35,161.23033149152565,94.2586188320076,136.7636523358713,73.24210049353469,0,0,0
402,19,139.4392735503613,364.1504339914243,199.6627026359199,114.69838284874325,0,0,0
402,33,454.9213161638466,343.6152385506606,166.01231427588567,79.48146391924611,0,0,0
402,8,153.77453325303676,224.03268349883194,189.48441726386426,154.91250369656566,0,0,0
402,41,58.43171775060593,120.52292147659541,168.05687452177918,121.00206559291719,0,0,0
402,12,271.86074067469605,236.93469516012652,159.96367861850214,114.76894326260748,0,0,0
402,5,214.8631697545208,383.07806340943284,183.0894499046666,103.92505360071958,0,0,0
402,43,211.5158179879545,317.6912750244141,153.2290207623722,113.95285949707032,0,0,0
408,33,460.7609611792798,337.3170568275047,155.78148816821619,75.90159520178379,0,0,0
408,8,185.74580236025938,211.5122156518251,159.42937709637323,127.34562475582011,0,0,0
408,41,61.47383390637815,131.26268902906992,169.5968860434006,123.06058556825701,0,0,0
408,12,286.2906351792626,215.76185129115865,188.17184573251507,138.37994187383907,0,0,0
408,5,223.25122916348718,380.2775075690144,188.10181455513776,107.4646259897775,0,0,0
408,43,198.48979574534263,329.52830235999306,170.29084198823375,126.7362567218578,0,0,0
408,45,308.1477962389804,276.77107086181644,166.24874345953918,133.09115753173828,0,0,0
408,47,305.80921740054407,157.0321220397949,152.78569117547437,96.81583786010742,0,0,0
408,48,92.84457439840104,286.9222137451171,92.53941718220184,52.37763061523438,0,0,0
408,49,324.80356396275084,75.40395011901855,141.55345557059204,69.17733192443848,0,0,0
408,1,87.01762650172675,342.1692899562601,120.22162243348166,97.65278234884731,0,0,0
414,8,173.1196245364165,224.13685372300483,148.7166594827718,118.73563953172972,0,0,0
414,41,62.938305127504904,124.36676693113954,163.08981905618532,119.4950180531999,0,0,0
414,5,212.0243419547864,363.97529518095837,206.95614446431935,121.29441515161682,0,0,0
414,43,173.2587750574345,314.7251190815396,178.1543035735169,132.63349518753307,0,0,0
414,45,288.8625245106014,262.7537495750424,168.3949147498331,135.27650925682937,0,0,0
414,48,90.44540277650681,287.2387215604873,94.92824622826649,53.68046502858892,0,0,0
414,1,85.5509243583694,349.89646309484766,122.01943023873474,94.27266451838489,0,0,0
420,8,169.3088627226831,223.53445657091777,150.44497590407545,120.59635481931653,0,0,0
420,41,62.190000950750786,121.70466821282739,161.72884744985393,119.93756552183598,0,0,0
420,5,197.56152923263141,354.9459334453637,221.73006627897337,134.31925473159967,0,0,0
420,43,162.40036467886455,320.0632710267848,153.52974983906105,113.94874648583621,0,0,0
420,45,268.5548683295759,260.03513114879246,201.16232614198594,162.69612579915787,0,0,0
420,48,90.38994143424043,287.30761216535905,94.04997420761497,53.15367095580934,0,0,0
420,1,79.87755383168933,356.397212641436,120.98246334924946,90.33838858829155,0,0,0
420,12,280.8267847173587,208.0242623509588,186.91054968756924,140.9862505150188,0,0,0
420,49,304.02638567043243,90.33799354733424,147.18026055068637,71.89292736290244,0,0,0
426,8,183.15121759884775,213.21598619353168,155.3640807218108,124.52154083630661,0,0,0
426,41,64.59050443613744,121.3613614999739,157.218153093883,117.90975559145221,0,0,0
426,5,225.67757542375142,362.06036180438673,195.50423857265972,117.78011543607876,0,0,0
426,43,179.42599359950754,334.0100082194096,140.02429112285876,103.15570750413787,0,0,0
426,45,294.14689123301446,256.2009609333738,182.91435556158825,148.29458306664824,0,0,0
426,48,94.05688269317757,288.5193215323026,90.46690685343336,51.35878100886822,0,0,0
426,1,64.17888755508065,350.6221110011473,125.62182885728048,92.4622204671853,0,0,0
426,49,318.82853382051906,93.35782618953391,145.58190851078925,71.08823949618883,0,0,0
426,47,297.3098287125353,175.99280783617158,150.7867304310374,95.372789808241,0,0,0
432,8,174.8885400158769,218.34385413149633,153.3724236837356,122.61331869013456,0,0,0
432,41,66.35143889629619,132.28015229688947,159.73197558262453,121.39201584551589,0,0,0
432,5,214.5675797828807,357.7266625529267,203.18735458112434,123.42884782755262,0,0,0
432,43,174.10179468256098,331.1793368524672,131.82509683550606,96.73804654501599,0,0,0
432,45,289.3425125702618,270.10444274480386,165.2721672912907,134.47130512751284,0,0,0
432,48,96.06016684258302,288.4721608499812,86.8876154851431,49.04031341359113,0,0,0
432,1,53.29288075922743,348.34708004121734,129.28075580453375,93.62208541848733,0,0,0
432,49,303.2226906132209,99.12733082173587,131.25739710529106,63.70284676347654,0,0,0
432,12,288.242452241411,222.80517471648778,161.89397573037758,122.27218176153957,0,0,0
438,8,168.84351721333732,227.8892657499791,150.922636207952,119.56752512593319,0,0,0
438,41,67.43190845620087,125.67025706022685,155.55973519860444,119.23211350391462,0,0,0
438,5,212.90461809420685,347.46734446521447,183.93795844100958,112.54704227502498,0,0,0
438,45,272.9936853469417,270.76647031071843,150.26109216929342,120.56206768632548,0,0,0
438,48,95.07690803868003,289.67083948854975,85.90414153877427,48.50838845222113,0,0,0
438,1,46.23118773364655,339.260988088513,125.43289274326062,91.77443435146819,0,0,0
438,49,259.5185318187722,105.23648535701142,121.83605939568417,58.725611639127976,0,0,0
438,12,317.8465661831554,240.26857159483552,142.4718382975146,106.41012804344273,0,0,0
438,19,169.14975442960946,390.5491948856495,171.26375895756314,95.94883145513705,0,0,0
444,8,138.61401528256965,246.36066921221567,154.97604949858257,122.24326171814029,0,0,0
444,41,69.10215407020242,139.31503774225556,154.87152257896415,120.32840882066432,0,0,0
444,5,221.8827893768913,362.1278978501455,161.93229210500132,94.97353274874602,0,0,0
444,45,258.94107511697916,270.942851344173,146.8589973924347,117.01018110193004,0,0,0
444,12,381.68505945368895,248.95442048885465,117.3477874095949,81.63656588018412,0,0,0
444,53,416.1122173693743,366.4036788940429,164.85453254640763,89.33536834716797,0,0,0
444,19,204.04341151356613,405.6508400455094,139.33986279670762,74.24342280235805,0,0,0
444,43,228.37654089605084,330.38714973141083,124.7224968819525,88.65407407501834,0,0,0
450,8,142.9472652243423,253.31890396796226,141.10330850523,110.58491825140516,0,0,0
450,41,68.5948306039206,128.0551970647282,152.16590975956944,119.68826294509782,0,0,0
450,5,248.03204341910163,376.67709577938706,148.50423992471076,83.26048367052184,0,0,0
450,45,225.09111114170508,253.39657748020034,140.07557429431077,109.62148188633671,0,0,0
450,53,426.1129182724082,392.163015367549,146.98921493548642,79.24688847313351,0,0,0
450,19,145.55522498701217,381.43685268058954,175.57329319894154,94.52562457680405,0,0,0
450,43,207.76397298162078,340.59363399473864,135.57624847748832,92.18249096635311,0,0,0
450,49,197.98582805223134,108.6790882779322,121.87417877802577,58.436456302711775,0,0,0
456,8,147.05257695772525,245.8937583139725,143.9214831861202,113.16096184555352,0,0,0
456,41,69.76544898215819,123.60494618148641,148.62153865736386,118.05054167413846,0,0,0
456,5,224.3632106222458,387.0309555497322,165.08338564797378,91.01985566116551,0,0,0
456,45,235.55200069796655,253.79096388343496,166.78272766267614,131.26862739374005,0,0,0
456,36,361.91954426120327,340.6918515838639,245.22791841348126,119.1568709870603,0,0,0
456,43,222.93041373576358,342.00833168831264,150.3511674290073,99.17304946946352,0,0,0
462,8,145.75392448133726,261.000457866781,144.143697236285,113.04543169934828,0,0,0
462,41,66.19854680321062,118.8985800948494,154.14757897160567,125.50473858526045,0,0,0
462,5,220.44314136020938,392.9801576746098,170.48305975545816,91.61115117927373,0,0,0
462,45,207.64158489076368,231.97508022712574,155.75228734793856,122.14068143119377,0,0,0
462,36,417.0134902828572,366.25313025047075,179.12105848001443,86.91355146465095,0,0,0
462,43,256.2153216807808,351.6684213510953,167.78367610972998,110.66565492315642,0,0,0
462,48,96.71586707571913,288.7583890160275,86.57597645967265,48.50169529819258,0,0,0
468,8,143.5444154403179,263.33148977503436,141.22045079827373,112.38865815961485,0,0,0
468,41,66.99769654293975,118.06188957935981,151.26922099439943,125.81127804497383,0,0,0
468,5,187.4948734224245,382.89742615427485,200.73543457518923,109.19636408289709,0,0,0
468,45,179.04590682083108,225.99056730668661,153.51261338065555,118.80045632302965,0,0,0
468,36,420.6201481681493,366.12772804303404,182.5863068713126,89.5408835063719,0,0,0
468,43,255.29703842956422,347.1867975424245,169.50286366263586,110.22108148017865,0,0,0
468,58,302.87099906551845,96.44947814941406,116.20905167365059,65.59078674316407,0,0,0
468,48,96.28686834655215,289.18393475794466,87.66575471555274,48.88512366295581,0,0,0
468,47,250.2779531872623,252.033601167973,228.11839291949528,148.29265097187357,0,0,0
474,8,147.17116495801798,254.61533545293935,138.83934586848883,108.84032595500773,0,0,0
474,41,64.12551244314903,117.04530666312186,152.4258375763244,129.8233902959538,0,0,0
474,5,194.1830402961416,370.59566435428366,198.69281485439024,108.07999148041314,0,0,0
474,45,189.6316351662353,219.34846895964213,115.05898854351933,83.50765729111062,0,0,0
474,36,391.37481828662385,347.5758595964771,230.40320849762054,117.27092463498299,0,0,0
474,49,143.81447109005657,94.21594614164073,173.5997237309474,84.86279698094022,0,0,0
480,8,166.65177618920688,248.9878513629796,145.2039676808874,113.36412845375118,0,0,0
480,41,30.898931685224568,139.1611372373344,135.2247048790917,111.32026621938314,0,0,0
480,5,168.15511312955175,385.5665186771339,180.23793309662233,96.16135355208444,0,0,0
480,36,352.58260030770623,331.23535659731317,262.16979524388364,138.64073862580165,0,0,0
480,19,62.57969960817786,325.30481957793774,247.1703100839993,140.4696418183141,0,0,0
480,43,234.9619059512495,364.8763668570172,156.1813823693655,100.4244751700998,0,0,0
486,41,43.99164320212877,132.5516490493394,130.3700697118949,103.41522394611263,0,0,0
486,5,172.86117644680542,375.9128730550831,184.42991714598685,99.01133975229651,0,0,0
486,36,341.7856530497812,326.8761467491089,257.33712461337456,140.55994744091117,0,0,0
486,60,31.79838996654604,204.9510223388672,207.66160324561883,110.76707153320314,0,0,0
486,61,430.59269054910817,359.7044357299804,158.1864694877213,79.15357818603516,0,0,0
486,19,71.7499150291168,318.0590397489725,249.08869064219516,148.01104319331935,0,0,0
492,5,176.62188500519613,365.9751583553209,196.17367523547983,106.13662021318791,0,0,0
492,36,351.867671280379,330.467461670742,239.7347156933484,134.10814253360698,0,0,0
492,61,423.5473042357104,389.2836445308824,158.0962475975395,78.82912091095629,0,0,0
492,47,192.392316532555,287.3521041853898,202.2438045363195,132.43813052150037,0,0,0
492,45,156.88530995915568,225.69699445863625,84.5594408263396,57.11988695991305,0,0,0
492,8,152.46006025108971,249.0416906630636,140.61690211944224,108.3104698871289,0,0,0
492,43,291.01184179376105,380.1789388911523,139.09040472707318,86.72554683369317,0,0,0
498,5,186.63092939049187,369.5575932956421,180.310107784259,95.94844166777627,0,0,0
498,36,364.36826679852066,334.6310417209684,220.99635171778635,126.8367768068487,0,0,0
498,61,420.49011995739386,399.17512226450185,160.15277404054183,79.56124574933622,0,0,0
498,47,210.25481719570607,258.2846306966319,228.1669445015687,155.3069282741759,0,0,0
498,8,158.4191379985949,234.47728451221374,154.45705449374714,118.47969046720725,0,0,0
498,43,296.7638774571885,406.80386109708354,117.86822406945018,68.85371712061333,0,0,0
498,58,304.8075969980021,122.42741535463318,131.27598708477134,73.81098734789761,0,0,0
498,48,92.4866952760481,286.90430330831134,95.49244343035296,52.93015279226539,0,0,0
498,41,68.14007453800832,138.7317638305236,143.38042056004087,114.71469838314096,0,0,0
498,19,66.44841859437977,335.24164529221565,191.93931874707675,116.31237868977472,0,0,0
504,5,180.2015532024297,367.3080266377253,192.48432293397718,103.81569052189448,0,0,0
504,36,393.9432643578914,344.47971264602165,189.20151024552723,108.7333747943974,0,0,0
504,61,422.21438643933493,402.4425275313005,155.43659407962048,76.72903855776059,0,0,0
504,47,220.01255179120994,252.95921392995953,219.87489599920397,154.8376996228719,0,0,0
504,8,165.34793212310115,230.24085983946966,149.1221461649099,111.71926293981687,0,0,0
504,43,287.0137981870316,384.8861002521944,141.94921736658708,81.93385726538652,0,0,0
504,58,298.2211075854809,120.4003812443999,137.7613434516204,78.39459151241411,0,0,0
504,41,67.57433461170318,125.11715421364484,149.65471867895192,123.1432849944336,0,0,0
504,19,80.14269563426294,305.0173579782259,179.0008362232948,109.31326535983206,0,0,0
510,5,157.89882946969783,366.29135632790457,192.99051662551273,104.18811118559933,0,0,0
510,36,380.99891012633407,338.729682199406,193.8272975067215,113.34353953002852,0,0,0
510,61,423.0945929300274,406.8396797732436,151.9265654075545,74.65270164805371,0,0,0
510,47,237.69722908372475,243.57185835307607,201.86998673808665,146.3997343154714,0,0,0
510,8,142.36118607475524,246.23789470085975,146.46467618969,110.31022385867449,0,0,0
510,43,267.15480729146213,372.1310057375045,155.104468156059,87.96891509892147,0,0,0
510,58,287.66088237358395,122.14475237890134,140.2113474612839,80.87134780497857,0,0,0
510,41,66.278548061394,121.41210429666086,151.5193083506098,128.1221941778007,0,0,0
516,5,185.6141234181921,394.64103556334027,159.85608923686038,84.5822470832609,0,0,0
516,36,393.8086959216849,341.06628582220554,189.37868143117979,111.47701712008495,0,0,0
516,61,422.04225926335243,403.47345273652166,157.31287513362656,77.18736859797264,0,0,0
516,47,190.92428174482038,229.05844108041873,218.75445251466402,163.10570625937055,0,0,0
516,8,153.69982712543498,236.609382757712,140.44902509565583,105.00869507523774,0,0,0
516,43,232.86435008890936,364.993260006663,181.28305652140688,103.22066703936991,0,0,0
516,58,275.9970932147251,123.3272814396174,137.19156007104183,79.69093239796281,0,0,0
516,41,68.15995094239207,118.06641253149792,147.7720616483486,128.13678661571683,0,0,0
522,5,172.32040454484462,395.70893171147065,159.89165545654964,83.18321956183044,0,0,0
522,36,405.89895530595857,353.8845479803963,179.92103390356243,105.38566350868555,0,0,0
522,61,431.7460473921493,424.3156971889481,118.7970828835244,56.60722808375541,0,0,0
522,47,217.24113163222074,228.50316965841694,211.11337893712331,161.91410975215766,0,0,0
522,8,150.64141487502474,218.91994909836862,167.37587659451506,126.71792943252888,0,0,0
522,43,238.45167196703883,368.4615382001275,184.1983458819205,105.16970776780856,0,0,0
522,58,274.30259500775117,112.54763415433163,134.31059161880964,78.36401714313477,0,0,0
522,41,69.47980171825401,117.18099688933947,145.7503678732905,129.35899283924095,0,0,0
522,48,93.02750780855138,288.5666914213803,90.57282729353416,51.31766681935719,0,0,0
528,36,376.2305190475891,340.50492290051193,196.57813504980865,117.06290345195598,0,0,0
528,61,419.8397729417552,405.71366576993404,153.77380408664698,72.8172832529101,0,0,0
528,47,184.74513082870965,220.6783386323716,219.30360140252236,173.44743679316718,0,0,0
528,8,154.62705707308055,227.35655749001282,150.8510515691808,113.20827832460549,0,0,0
528,43,217.43523213406638,361.48934284671327,196.7771037902162,113.86948418165882,0,0,0
528,58,265.42908448267525,123.6166422906244,121.40746840703233,71.13706435192613,0,0,0
528,41,72.33853753750405,118.43842172543852,140.56503327879292,126.99982739985225,0,0,0
528,48,88.29579370235717,287.8500518616228,97.48775353136966,55.55944238519396,0,0,0
534,36,393.0365506155912,342.8858221913821,188.10697181098567,112.29860308522113,0,0,0
534,61,419.48196319001,403.3070933757954,158.77912360465945,74.69238737184875,0,0,0
534,47,202.84741885376053,224.651355822117,193.3806788343807,156.40852355485032,0,0,0
534,8,156.05197592638007,221.9767131849263,164.59200148276614,124.01491887181533,0,0,0
534,43,231.41850380199202,359.4485098359869,195.5652913382295,113.10243961270568,0,0,0
534,58,263.77822325550443,123.98378100995261,106.26383765695195,62.40546224666972,0,0,0
534,41,74.60607429969316,118.5886018207747,136.81284318447777,125.5654839481422,0,0,0
534,48,90.75818991202132,286.94059603227964,91.4943319615387,53.381541203392636,0,0,0
534,5,196.23899494861172,404.227907169982,153.48140651664215,76.03702432679266,0,0,0
540,36,401.55010110185935,344.5717567950563,179.1755545385651,106.5723487919242,0,0,0
540,61,419.4973243935307,401.53497852162303,162.89757832948703,76.46256254192218,0,0,0
540,47,221.53844516027027,220.51411222244684,201.3351973609412,167.48300111737657,0,0,0
540,8,153.78950149883684,217.45434491326534,172.20315639544307,130.5802140545035,0,0,0
540,43,212.84169881955222,354.6602830712368,208.9334155556528,122.95400408648769,0,0,0
540,58,267.97548814189497,117.89314043906992,131.32606037425492,78.23513359438358,0,0,0
540,41,74.13804256946914,117.77068518575831,137.66581966794067,128.7160472849211,0,0,0
540,48,92.71124599568108,287.3743084202812,88.26881559851168,52.25675645071519,0,0,0
540,5,254.3203235309399,402.7763065037872,162.45358169977735,79.24085757505141,0,0,0
546,36,416.10530488141615,358.6922708600196,163.9707454409506,95.20673606319636,0,0,0
546,61,420.5862129785908,405.07646194260417,158.23511693679788,74.40028667621365,0,0,0
546,47,233.79195963418252,219.54406797422826,205.74403013213185,174.57118470994652,0,0,0
546,8,151.25614889218122,209.62496840085487,181.41719294568946,140.8583532512302,0,0,0
546,43,213.2662502500291,358.20925690557135,199.90589986548858,118.05193871366383,0,0,0
546,58,283.5529538228146,116.56059418542664,130.9987132613841,78.8758252996843,0,0,0
546,41,78.17569483837275,119.67379853729591,131.53778513252348,122.53122373096653,0,0,0
546,48,95.08569254828386,287.9017580601512,86.33116464885407,50.04521067868197,0,0,0
546,5,274.2636817833161,399.266213466084,165.32743543789434,81.46780658363313,0,0,0
552,36,383.8116140428511,342.0654629678377,186.40753788291025,109.80426099061681,0,0,0
552,47,220.11289686754208,240.66629323442052,182.63753182941,156.16649901160324,0,0,0
552,8,154.43095090947855,222.24505689182237,178.73822181766795,140.10710232330672,0,0,0
552,43,216.21527434705808,361.83729008817545,189.38683859982552,111.80286815817223,0,0,0
552,58,254.6949144337463,123.02062515225211,109.39132877201939,65.22033882330958,0,0,0
552,41,78.87518603240925,120.77298356694682,128.52147436394628,119.70442854914457,0,0,0
552,48,94.77965472000699,288.3240695216645,86.85839863918656,49.839412955742645,0,0,0
552,5,299.17323764759914,409.83010080301,140.93504717292134,71.3604069227249,0,0,0
558,36,365.1490225753348,331.8950051910679,203.97931416642135,121.777746596012,0,0,0
558,47,198.673303489795,255.57695088028953,170.55179577558528,145.65510903322823,0,0,0
558,8,140.1962196419121,232.56520825560045,174.30225341036555,139.51569439103682,0,0,0
558,43,201.2618260877823,366.538468278285,180.35466818491432,105.55150746384153,0,0,0
558,41,86.05394402321366,138.03564123669605,121.71486881208843,111.63407404890684,0,0,0
558,5,295.15127971076475,419.11267913643354,126.31591626699569,62.29718388404337,0,0,0
564,36,395.7686776678813,349.1199118460635,184.95878983839506,109.85359476275535,0,0,0
564,47,214.54444272202682,269.95348371266346,163.58428939273793,140.49693087516337,0,0,0
564,8,132.20567093902764,233.17930485466326,168.18821114664675,136.98066679746958,0,0,0
564,43,168.78084237379267,347.84588202586696,194.66531308946446,115.55877094646839,0,0,0
564,41,77.45010779153009,124.59954508954144,131.18503486732965,122.38618204319158,0,0,0
564,5,250.5837515093545,395.2866854591493,181.28746807056302,90.93033083707316,0,0,0
570,36,381.1282481939534,338.02524120563044,196.5031538404819,119.1406410353137,0,0,0
570,47,223.78424752657781,278.44221606729434,152.75108657729402,129.64812985282754,0,0,0
570,8,136.93031554048264,236.8256631695475,161.54788850879777,131.75543324393308,0,0,0
570,43,179.02045268823264,371.62363298236994,162.93225648082,94.16810447255428,0,0,0
570,41,75.49018590948069,118.17480207544126,133.59767174765238,126.39592198792252,0,0,0
570,5,238.7967815911196,388.798682882575,191.44929194218156,96.68576609586471,0,0,0
570,58,214.56453658600475,118.1964205245154,129.12713414668102,77.8812453910688,0,0,0
576,36,398.0167041896592,351.2522763838109,184.4152248826701,111.82130267611981,0,0,0
576,47,221.8610863522851,275.7975862089162,164.71434891266824,139.18346863058179,0,0,0
576,8,149.05656212396315,235.1601645460532,164.81906394560994,134.51308385027852,0,0,0
576,43,182.23700121543772,381.37956878353225,171.01256660829853,97.19072216821122,0,0,0
576,41,74.77241498449057,116.34203484629488,133.2683548811523,127.33529279900404,0,0,0
576,5,274.2749586991867,396.4936024615816,170.32041997491976,85.49546361112431,0,0,0
576,58,229.65152294228778,111.49891614236495,113.15547862518693,66.29903561251047,0,0,0
582,36,421.079194062159,361.55648458268206,161.28741725114782,96.71311049389355,0,0,0
582,47,257.4574876117818,277.0888853043997,173.61390115859254,147.04019252953617,0,0,0
582,8,167.2932460721048,230.8628516590592,144.79157918562225,115.65608774449846,0,0,0
582,43,189.00332608393933,389.4191886553578,169.94477972951734,94.56443075936453,0,0,0
582,41,80.09665417193105,120.3741040575895,126.85510737720307,120.39504112535853,0,0,0
582,72,122.25932531970884,274.9034088134765,134.2804368849964,100.98696899414062,0,0,0
588,36,416.6364281839458,361.35731759971526,165.1798545369224,98.68647790090778,0,0,0
588,47,275.6927442336625,268.21686828622285,163.71829460110928,138.04082569768988,0,0,0
588,8,170.85277354094615,230.02446228367953,145.37956824877503,114.60809352365047,0,0,0
588,43,176.8513227181148,382.4357261035651,189.59630166781773,106.044538266943,0,0,0
588,41,74.55000312126981,115.14490603520952,134.12897389606303,129.15559205226495,0,0,0
588,72,119.36691073948802,259.61029151031175,165.06197182127113,124.75222627083699,0,0,0
588,48,94.29570823174551,287.9952122509583,83.11557537277733,48.585539065479104,0,0,0
594,36,408.4987072867674,350.9134175499501,176.76633134012587,106.94962306083386,0,0,0
594,47,261.57528007566884,270.3338686354079,172.24196519419493,146.24957596732705,0,0,0
594,8,164.03912304001972,230.2450250373505,157.06418417113255,125.17418152376786,0,0,0
594,43,179.94539176791136,387.76231497039703,177.59456022135592,98.01153050912838,0,0,0
594,41,75.08280683593782,115.28111804549847,132.70784808351226,129.09304004574466,0,0,0
594,72,115.72071852514311,263.7384728789097,162.67297192269518,123.2392823180611,0,0,0
594,76,295.82036071711593,165.77518615722659,122.95012329233066,79.6508056640625,0,0,0
594,48,95.88790964114047,288.5688630774375,81.32627400321965,47.88988247637687,0,0,0
600,36,420.2542130664709,359.0362068985486,165.28609407222086,99.47967816683516,0,0,0
600,47,268.8676583943585,268.3987495286731,181.03758408972837,154.9083280875672,0,0,0
600,8,170.01864885379644,223.80098879022003,154.14156274307325,121.75183741876579,0,0,0
600,43,191.97692941290893,379.2931853868682,160.2498964970763,85.72701710119453,0,0,0
600,41,77.70544365045848,117.94173567552886,127.96111825559444,124.16509803468693,0,0,0
600,72,120.76156783510507,259.4867860557862,169.84011124110378,129.41732711088395,0,0,0
600,76,311.2189073423541,167.95914649019687,118.65949655062074,76.42152591660283,0,0,0
600,48,95.09972970482897,288.5241424203561,84.38651411248622,48.414474394228215,0,0,0
606,36,418.0504527025083,335.3669040285929,164.60934322958994,100.15263672286633,0,0,0
606,43,159.76550571521352,368.3959304528249,186.03552121232983,99.80494786987516,0,0,0
606,41,79.3723516441547,119.21069297373855,127.05153609413227,122.73820326151845,0,0,0
606,72,93.428765114964,251.28727410372346,149.6873756579696,112.33864186065887,0,0,0
606,61,347.9774994342438,363.9693160389183,225.4725387559418,105.74572181582792,0,0,0
606,5,226.1187413901112,359.31887142819386,227.1492300258657,118.28845036735797,0,0,0
606,58,156.40701641533212,128.28807351956863,173.0779748911763,102.32163346835353,0,0,0
612,41,103.45561666661197,128.82157914937932,117.6860342227922,104.88095505895448,0,0,0
612,58,156.06582244542744,130.14100724776134,203.84180758896517,124.72971552214132,0,0,0
612,47,309.0902547374214,257.7535840248684,166.3258393443249,141.1960346831998,0,0,0
612,8,182.4769037518273,259.8198834757927,137.15850260740316,103.43860291543739,0,0,0
612,76,343.90347199579776,165.27174365428797,179.9265318888811,116.10078018254886,0,0,0
612,48,94.99016675720594,287.83382440130487,88.76894978788567,50.718210754767426,0,0,0
618,41,60.68572521458337,125.92508987080207,131.1330721850422,114.43740098073337,0,0,0
618,58,130.5424130501467,111.1205669427237,193.95844829914736,120.22136011585192,0,0,0
618,85,50.205895343369605,26.39695701599121,142.73932320486236,92.62948036193848,0,0,0
618,47,311.9930155990567,285.059750905371,171.4981302194078,145.11537458596987,0,0,0
618,8,174.11909863799806,279.5313217401119,154.00526688333957,112.42779429816436,0,0,0
618,48,99.3058010197612,290.0275900332239,83.23201911558729,47.65635803236284,0,0,0
618,36,369.98533581816224,281.09164677841125,202.92110236638155,126.84167465675928,0,0,0
618,72,110.16545206897209,184.6898162551065,189.1758865257042,142.74299631655427,0,0,0
618,5,165.4393423067915,273.49388854992344,337.08625254208465,187.60603951345263,0,0,0
624,41,59.85895169897434,124.97804975890465,129.163995528126,116.70588347086128,0,0,0
624,58,113.9763896210444,110.48004029204789,172.52440615203352,108.44390936473755,0,0,0
624,85,107.69059425186512,36.6008068105573,143.4515644072781,93.26266981343917,0,0,0
624,47,315.00556550135906,310.99870282480344,132.63001973688208,104.36332782858152,0,0,0
624,8,201.7546512796826,282.83381263565934,164.2953141029164,118.13936929293087,0,0,0
624,48,88.97359217365343,288.4630011801774,84.62380414371374,50.79787586486526,0,0,0
624,88,335.75690852657135,110.79548149108888,136.68811165779488,81.50039520263672,0,0,0
624,36,327.6829115614499,249.67639274237203,191.83724183394773,122.93156472163838,0,0,0
624,72,164.7191432063488,180.88719740500267,182.31186771972756,137.76865948228397,0,0,0
624,5,189.54139237916473,242.82295362845565,293.79006114945923,169.89584152609729,0,0,0
